%YAML:1.0
---
cameraMatrix: !!opencv-matrix
   rows: 3
   cols: 3
   dt: d
   data: [ 1.0551315070752844e+03, 0., 9.6084149597990870e+02, 0.,
       1.0552244286514840e+03, 5.2607365219992914e+02, 0., 0., 1. ]
distortionCoefficients: !!opencv-matrix
   rows: 1
   cols: 5
   dt: d
   data: [ 4.1512151977835615e-02, -5.3638742252239899e-02,
       1.2037833875121360e-03, 1.6398998861241888e-03,
       1.4649620958823243e-02 ]
rotation: !!opencv-matrix
   rows: 3
   cols: 3
   dt: d
   data: [ 1., 0., 0., 0., 1., 0., 0., 0., 1. ]
projection: !!opencv-matrix
   rows: 4
   cols: 4
   dt: d
   data: [ 1.0551315070752844e+03, 0., 9.6084149597990870e+02, 0., 0.,
       1.0552244286514840e+03, 5.2607365219992914e+02, 0., 0., 0., 1.,
       0., 0., 0., 0., 1. ]
