%YAML:1.0
---
cameraMatrix: !!opencv-matrix
   rows: 3
   cols: 3
   dt: d
   data: [ 3.6408722690985758e+02, 0., 2.5321652194754324e+02, 0.,
       3.6441218439462546e+02, 2.1121233784388843e+02, 0., 0., 1. ]
distortionCoefficients: !!opencv-matrix
   rows: 1
   cols: 5
   dt: d
   data: [ 1.0098315227010919e-01, -2.8037375106147122e-01,
       -2.7329384178549127e-04, -1.0353851549988523e-03,
       1.0149158516883695e-01 ]
rotation: !!opencv-matrix
   rows: 3
   cols: 3
   dt: d
   data: [ 1., 0., 0., 0., 1., 0., 0., 0., 1. ]
projection: !!opencv-matrix
   rows: 4
   cols: 4
   dt: d
   data: [ 3.6408722690985758e+02, 0., 2.5321652194754324e+02, 0., 0.,
       3.6441218439462546e+02, 2.1121233784388843e+02, 0., 0., 0., 1.,
       0., 0., 0., 0., 1. ]
