%YAML:1.0
---
cameraMatrix: !!opencv-matrix
   rows: 3
   cols: 3
   dt: d
   data: [ 3.6241005340206578e+02, 0., 2.5435669802539451e+02, 0.,
       3.6258681812469104e+02, 2.1031386387676739e+02, 0., 0., 1. ]
distortionCoefficients: !!opencv-matrix
   rows: 1
   cols: 5
   dt: d
   data: [ 0,0,0,0,0]
rotation: !!opencv-matrix
   rows: 3
   cols: 3
   dt: d
   data: [ 1., 0., 0., 0., 1., 0., 0., 0., 1. ]
projection: !!opencv-matrix
   rows: 4
   cols: 4
   dt: d
   data: [ 3.6241005340206578e+02, 0., 2.5435669802539451e+02, 0., 0.,
       3.6258681812469104e+02, 2.1031386387676739e+02, 0., 0., 0., 1.,
       0., 0., 0., 0., 1. ]
