%YAML:1.0
---
depthShift: -2.0190552153934949e+01
