%YAML:1.0
---
rotation: !!opencv-matrix
   rows: 3
   cols: 3
   dt: d
   data: [ 9.9996426246352410e-01, 5.2027106124746718e-03,
       6.6637525511665900e-03, -5.2148234178877413e-03,
       9.9998477975436606e-01, 1.8016315750400552e-03,
       -6.6542777595006829e-03, -1.8363174820207745e-03,
       9.9997617397896266e-01 ]
translation: !!opencv-matrix
   rows: 3
   cols: 1
   dt: d
   data: [ -5.0711003460967040e-02, 1.0181076645156379e-04,
       -2.5517277160941911e-03 ]
essential: !!opencv-matrix
   rows: 3
   cols: 3
   dt: d
   data: [ -1.3984286568837548e-05, 2.5515019212812681e-03,
       1.0640561393032063e-04, -2.8890816261241356e-03,
       -1.0639740305485878e-04, 5.0692791137453751e-02,
       1.6264180040725311e-04, -5.0710761318993103e-02,
       -9.2040986791921579e-05 ]
fundamental: !!opencv-matrix
   rows: 3
   cols: 3
   dt: d
   data: [ -8.7751865176616650e-09, 1.6002954348172423e-06,
       -3.1013421370519151e-04, -1.8130274591136276e-06,
       -6.6736560917214526e-08, 1.2004174604675863e-02,
       1.0572380151407166e-03, -3.4735087853331161e-02, 1. ]
