%YAML:1.0
---
cameraMatrix: !!opencv-matrix
   rows: 3
   cols: 3
   dt: d
   data: [ 3.7059633781627434e+02, 0., 2.4972804424984341e+02, 0.,
       3.7100920355732666e+02, 2.0188469957873738e+02, 0., 0., 1. ]
distortionCoefficients: !!opencv-matrix
   rows: 1
   cols: 5
   dt: d
   data: [ 1.6567603973572409e-01, -4.6119378369505937e-01,
       -5.5598749407402464e-03, -1.5603273935196219e-03,
       2.8001905190595772e-01 ]
rotation: !!opencv-matrix
   rows: 3
   cols: 3
   dt: d
   data: [ 1., 0., 0., 0., 1., 0., 0., 0., 1. ]
projection: !!opencv-matrix
   rows: 4
   cols: 4
   dt: d
   data: [ 3.7059633781627434e+02, 0., 2.4972804424984341e+02, 0., 0.,
       3.7100920355732666e+02, 2.0188469957873738e+02, 0., 0., 0., 1.,
       0., 0., 0., 0., 1. ]
