%YAML:1.0
---
depthShift: -9.0983724781148307e+00
