%YAML:1.0
---
rotation: !!opencv-matrix
   rows: 3
   cols: 3
   dt: d
   data: [ 9.9999544373827431e-01, 1.6669571980682148e-03,
       -2.5166955301796469e-03, -1.6792571942218903e-03,
       9.9998661833837932e-01, -4.8931829567360474e-03,
       2.5085051260604740e-03, 4.8973868411885408e-03,
       9.9998486138749132e-01 ]
translation: !!opencv-matrix
   rows: 3
   cols: 1
   dt: d
   data: [ -5.2505782093069372e-02, 4.6747252930194681e-04,
       -6.0232141032879015e-03 ]
essential: !!opencv-matrix
   rows: 3
   cols: 3
   dt: d
   data: [ -8.9418683792385724e-06, 6.0254228964885231e-03,
       4.3799276382148670e-04, -5.8914756364197383e-03,
       2.4710068620392912e-04, 5.2520145824390858e-02,
       -3.7929968705672010e-04, -5.2505858735157895e-02,
       2.5809688409287977e-04 ]
fundamental: !!opencv-matrix
   rows: 3
   cols: 3
   dt: d
   data: [ -8.3390640011697690e-09, 5.6129737044131189e-06,
       -9.7971498829207710e-04, -5.4883912785261173e-06,
       2.2993832907821196e-07, 1.9456280872519688e-02,
       2.6191225153361372e-03, -5.7303630288877021e-02, 1. ]
