%YAML:1.0
---
rotation: !!opencv-matrix
   rows: 3
   cols: 3
   dt: d
   data: [ 9.9995368070728241e-01, 5.4592591576380885e-03,
       -7.9267224883975071e-03, -5.4952497616097993e-03,
       9.9997465956253362e-01, -4.5257555007433342e-03,
       7.9018143496193058e-03, 4.5691051908142545e-03,
       9.9995834143615170e-01 ]
translation: !!opencv-matrix
   rows: 3
   cols: 1
   dt: d
   data: [ -5.2437310020516291e-02, 1.3500952799609413e-03,
       -2.6124874376302542e-03 ]
essential: !!opencv-matrix
   rows: 3
   cols: 3
   dt: d
   data: [ -3.6880687122975893e-06, 2.6185899634074729e-03,
       1.3382155575390419e-03, -2.1980165402843577e-03,
       2.2532933943897988e-04, 5.2455834020411291e-02,
       -1.0618766291127708e-03, -5.2443351756161619e-02,
       2.4802027488668086e-04 ]
fundamental: !!opencv-matrix
   rows: 3
   cols: 3
   dt: d
   data: [ -2.0446880409373407e-09, 1.4504678454111094e-06,
       -3.5717195853936663e-05, -1.2184866189394339e-06,
       1.2480158619743641e-07, 1.0869574634637794e-02,
       2.1810852356492393e-05, -3.2109829830322900e-02, 1. ]
