%YAML:1.0
---
cameraMatrix: !!opencv-matrix
   rows: 3
   cols: 3
   dt: d
   data: [ 1.0456801254242903e+03, 0., 9.4434154229420903e+02, 0.,
       1.0456114382425671e+03, 5.1970031103965573e+02, 0., 0., 1. ]
distortionCoefficients: !!opencv-matrix
   rows: 1
   cols: 5
   dt: d
   data: [ 0,0,0,0,0 ]
rotation: !!opencv-matrix
   rows: 3
   cols: 3
   dt: d
   data: [ 1., 0., 0., 0., 1., 0., 0., 0., 1. ]
projection: !!opencv-matrix
   rows: 4
   cols: 4
   dt: d
   data: [ 1.0456801254242903e+03, 0., 9.4434154229420903e+02, 0., 0.,
       1.0456114382425671e+03, 5.1970031103965573e+02, 0., 0., 0., 1.,
       0., 0., 0., 0., 1. ]
